mean_x_loss = 0.016473409107753207
mean_y_loss = 0.008187002795083182
mean_yaw_loss = 0.062317408947567036
med_x_loss = 0.011337518692016602
med_y_loss = 0.006145983934402466
med_yaw_loss = 0.05457139015197754
