mean_x_loss = 0.012720053012554463
mean_y_loss = 0.006901846482203557
mean_yaw_loss = 0.22606362746312067
med_x_loss = 0.01155400276184082
med_y_loss = 0.006323575973510742
med_yaw_loss = 0.07137131690979004
