mean_x_loss = 0.014422919069017683
mean_y_loss = 0.005940580119689305
mean_yaw_loss = 0.023518556640261694
med_x_loss = 0.011485040187835693
med_y_loss = 0.005586385726928711
med_yaw_loss = 0.019690513610839844
