mean_x_loss = 0.012006802691353692
mean_y_loss = 0.007509513421811991
mean_yaw_loss = 0.11397400265588035
med_x_loss = 0.01059103012084961
med_y_loss = 0.004869852215051651
med_yaw_loss = 0.04029056429862976
