mean_x_loss = 0.020721015177275006
mean_y_loss = 0.007165995573526935
mean_yaw_loss = 0.07396985187671022
med_x_loss = 0.016822338104248047
med_y_loss = 0.005633652210235596
med_yaw_loss = 0.051683664321899414
