mean_x_loss = 0.0196688175201416
mean_y_loss = 0.008940726299496257
mean_yaw_loss = 0.1870336565462982
med_x_loss = 0.008249998092651367
med_y_loss = 0.007003098726272583
med_yaw_loss = 0.12711620330810547
