mean_x_loss = 0.011753808884393601
mean_y_loss = 0.004238172123829524
mean_yaw_loss = 0.037183284759521484
med_x_loss = 0.008352279663085938
med_y_loss = 0.003985792398452759
med_yaw_loss = 0.03338944911956787
