mean_x_loss = 0.02653083914802188
mean_y_loss = 0.011974473439511798
mean_yaw_loss = 0.1373998070517559
med_x_loss = 0.018907785415649414
med_y_loss = 0.009019166231155396
med_yaw_loss = 0.033800363540649414
