mean_x_loss = 0.01571800708770752
mean_y_loss = 0.011392246931791306
mean_yaw_loss = 0.27934576590829574
med_x_loss = 0.010434508323669434
med_y_loss = 0.010519437491893768
med_yaw_loss = 0.09164285659790039
