mean_x_loss = 0.022646586100260418
mean_y_loss = 0.007600031689637237
mean_yaw_loss = 0.20121386047038767
med_x_loss = 0.02177262306213379
med_y_loss = 0.006711706519126892
med_yaw_loss = 0.06473991274833679
