mean_x_loss = 0.011449509859085083
mean_y_loss = 0.008544393890770153
mean_yaw_loss = 0.23724290058016778
med_x_loss = 0.011939764022827148
med_y_loss = 0.007613450288772583
med_yaw_loss = 0.057948529720306396
