mean_x_loss = 0.012511120902167426
mean_y_loss = 0.008138687265778167
mean_yaw_loss = 0.11161176549891631
med_x_loss = 0.01028454303741455
med_y_loss = 0.007086638361215591
med_yaw_loss = 0.04432690143585205
