mean_x_loss = 0.019831138498642865
mean_y_loss = 0.008768627228324903
mean_yaw_loss = 0.03847716836368337
med_x_loss = 0.015210390090942383
med_y_loss = 0.0061442553997039795
med_yaw_loss = 0.033089637756347656
