mean_x_loss = 0.017359245498225373
mean_y_loss = 0.008372183757359689
mean_yaw_loss = 0.08385158969827418
med_x_loss = 0.010518312454223633
med_y_loss = 0.0076018571853637695
med_yaw_loss = 0.04949951171875
